28
17
0 0 0 0 0 0 0 0 0 0 0 0 0 0 0 0 0 0 0 0 0 0 0 0 0 0 0 0
0 0 0 0 0 0 0 0 0 0 0 0 0 0 0 0 0 0 0 0 0 0 0 0 0 0 0 0
1 1 1 1 1 1 1 3 1 1 1 1 1 1 1 0 0 0 0 0 0 0 0 0 0 0 0 0
0 0 0 0 0 0 0 3 4 4 4 4 4 4 4 4 4 4 0 0 0 0 0 0 0 0 0 0
0 0 0 0 0 0 0 3 0 0 0 0 1 1 3 0 0 0 1 1 1 1 1 1 1 3 1 1
0 0 0 0 0 0 0 3 0 0 0 0 1 1 3 0 0 0 0 0 0 0 0 0 0 3 0 0
0 0 0 0 0 0 0 3 0 0 0 0 1 1 3 0 0 0 0 0 0 0 0 0 0 3 0 0
1 1 3 1 1 1 1 1 0 0 0 0 1 1 1 1 1 1 1 1 3 1 1 1 1 1 1 1
0 0 3 0 0 0 0 0 0 0 0 0 0 0 0 0 0 0 0 0 3 0 0 0 0 0 0 0
0 0 3 0 0 0 0 0 0 0 0 0 0 0 0 0 0 0 0 0 3 0 0 0 0 0 0 0
1 1 1 1 1 1 1 1 1 3 1 1 1 1 1 1 1 1 1 1 3 0 0 0 0 0 0 0
0 0 0 0 0 0 0 0 0 3 0 0 0 0 0 0 0 0 0 0 3 0 0 0 0 0 0 0
0 0 0 0 0 0 0 0 0 3 4 4 4 4 4 4 4 4 4 4 3 0 0 0 0 0 0 0
0 0 0 0 3 1 1 1 1 1 1 0 0 0 0 0 0 0 0 0 1 1 1 1 1 1 1 3
0 0 0 0 3 0 0 0 0 0 0 0 0 0 0 0 0 0 0 0 0 0 0 0 0 0 0 3
1 1 1 1 1 1 1 1 1 1 1 1 1 1 1 1 1 1 1 1 1 1 1 1 1 1 1 1
2 2 2 2 2 2 2 2 2 2 2 2 2 2 2 2 2 2 2 2 2 2 2 2 2 2 2 2
1
15 2
2 15
5
1 10
26 13
15 7
6 15
6 4
13 15
0 2